    1   'Adbar'    0.159683    0.010734
    2   'Adv'    1.000000    0.000000
    3   'Ag'    1.000000    0.000000
    4   'Aubar'    0.000000    0.000000
    5   'Auv'    1.000000    0.000000
    6   'Bdbar'   -0.120677    0.009143
    7   'Bdv'    0.758986    0.096153
    8   'Bg'    0.162890    0.046235
    9   'Bubar'    0.000000    0.000000
   10   'Buv'    0.716692    0.038739
   11   'Cdbar'   10.614846    2.251220
   12   'Cdv'    3.704663    0.412096
   13   'Cg'    9.668402    0.748056
   14   'Cubar'    7.496870    1.261789
   15   'Cuv'    4.897583    0.098634
   16   'Ddbar'    0.000000    0.000000
   17   'Ddv'    0.000000    0.000000
   18   'Dg'   -4.491598    1.027474
   19   'Dubar'    4.273916    2.402216
   20   'Duv'    0.000000    0.000000
   21   'Edbar'   25.473865   30.025351
   22   'Edv'    0.000000    0.000000
   23   'Eg'   31.456898    7.127992
   24   'Eubar'    0.000000    0.000000
   25   'Euv'   13.811727    2.201888
   26   'alphas'    0.116982    0.001391
   27   'fs'    0.400000    0.000000
