    1   'Adbar'    0.115273    0.013968
    2   'Adv'    1.000000    0.000000
    3   'Ag'    1.000000    0.000000
    4   'Agp'    0.078315    0.000000
    5   'Aubar'    0.161300    0.000000
    6   'Auv'    1.000000    0.000000
    7   'Bdbar'   -0.165105    0.018766
    8   'Bdv'    0.732753    0.079645
    9   'Bg'   -0.130652    0.024744
   10   'Bgp'   -0.476692    0.031747
   11   'Bubar'   -0.127300    0.000000
   12   'Buv'    0.707173    0.038631
   13   'Cdbar'    5.794733    1.293172
   14   'Cdv'    3.563641    0.295112
   15   'Cg'    4.454682    0.342110
   16   'Cgp'   25.000000    0.000000
   17   'Cubar'    6.629798    0.750802
   18   'Cuv'    4.770243    0.000000
   19   'Dubar'    5.743726    2.500815
   20   'Duv'    0.000000    0.000000
   21   'Euv'   13.968245    1.858069
   22   'ZERO'    0.000000    0.000000
   23   'alphas'    0.119941    0.000138    0.115000    0.120000
   24   'fs'    0.400000    0.000000
